負權迴路測資
4 5
1 2 3
1 3 5
3 2 -4
2 4 1
4 3 1

單源最短路徑
多源最短路徑
Floyd演算法-至多經過多少點中轉
   0   3    5   inf
inf   0  inf      1
inf  -1    0   inf
inf inf    1      0

   0       3    5      4
inf       0  inf      1
inf-4  -1    0     -3
inf     inf    1      0

   0      1    5      2
inf       0  inf      1
inf-4  -1    0     -3
inf-3  -3    1     -2

   0      -1   3      0
inf-2  -2   2      -1
inf-6  -6  -2     -5
inf-5  -5  -1     -4

                0        -1         3         0
   9999997        -2         2        -1
   9999993        -6        -2        -5
   9999994        -5        -1        -4



單源最短路徑
Dijkstra演算法-至多經過幾條邊，藉由更新最近的點
0 1 5 4

原本
0 3 5 inf

選擇1號
0 3 5 4

選擇4號
0 3 5 4

選擇3號
0 1 5 4





單源最短路徑
Bellman-Ford-至多經過幾條邊，藉由邊的順序更新
原本
0 inf inf inf

第一次
0 1 3 2

第二次
0 -1 1 0

第三次
0 -3 -1 -2
(Bellman-Ford的佇列優化後，也是這個答案唷!!)


